# color constants
.BLACK <- c(  0,  0,  0)/255
.WHITE <- c(255,255,255)/255
.BEIGE <- c(221,221,136)/255
.GRAY  <- c( 64, 64, 64)/255
.GREY  <- .GRAY
.DGRAY <- c( 32, 32, 32)/255
.DGREY <- .DGRAY
.LGRAY <- c(128,128,128)/255
.LGREY <- .LGRAY
.GREEN <- c(  0,255,  0)/255

